T=15;
Tema1Ex3(0:0.002:T,1)%2ms=0.002s
Tema1Ex3(0:0.02:T,2)%20ms=0.02s
Tema1Ex3(0:0.2:T,3)%200ms=0.2s
